65502,65125
65488,65414
65214,65520
65451,65476
75,77
65374,189
65464,65525
95,65346
65523,129
65501,311
65532,65437
65412,65466
65430,247
253,65446
360,65304
39,65437
65534,65332
182,65500
223,86
94,28
65395,65435
65432,65377
22,169
35,65429
65497,65151
65206,123
65349,10
21,65358
65285,65531
65438,65473
34,224
65416,208
106,65352
125,65437
65486,87
88,114
207,65416
65462,65371
65258,36
124,65434
201,65494
65507,69
98,23
65451,122
65402,65452
153,65402
49,41
2,59
13,267
65406,151
65469,88
148,349
172,29
65425,65503
65376,226
132,65433
346,65325
276,97
65401,230
65349,65501
79,65339
20,225
99,160
179,65499
65520,320
65404,65531
65258,65228
65339,65417
96,65372
65532,195
65391,258
62,65480
219,110
30,15
65265,17
65397,65514
127,65240
65525,238
30,297
74,65334
65311,60
65475,123
125,34
2,183
65511,99
65336,89
32,65529
192,65326
65356,65485
52,339
145,352
65483,65367
199,65399
130,321
9,9
65522,65347
65447,208
158,146
233,93
144,300
65533,65476
65432,65366
64,143
77,65438
167,65453
96,132
65249,65356
65353,65425
38,58
65451,65378
65284,65532
43,194
416,65506
81,65383
65421,40
65496,165
65480,178
147,151
56,65458
65468,65389
10,65527
52,65463
151,65405
65509,24
58,21
112,65207
65266,65203
96,65448
404,65523
13,271
65467,65524
65406,65147
65266,65502
60,65268
236,65329
65255,372
65341,52
292,65477
65293,76
65162,65472
13,65453
65355,65387
65370,65509
65379,65478
65515,65510
123,159
65290,65449
11,65520
239,65501
65533,65392
52,77
65492,65366
34,65432
86,47
65508,65521
151,274
65477,65481
65450,65365
243,138
47,65483
65480,65462
114,65440
150,46
131,112
65509,65499
65416,234
160,65466
161,65388
65431,159
243,65375
129,236
65304,341
310,65340
49,33
65316,124
348,110
65402,65439
65269,65196
262,136
65426,170
65109,20
65116,141
65324,58
120,45
40,65453
65426,94
65420,295
64,65468
152,65395
65496,65410
65364,65434
65415,140
126,65535
116,65409
159,6
395,65456
200,65376
222,95
138,340
65346,318
57,55
39,65406
65424,302
65438,299
65204,65100
65219,65215
65373,65527
69,65443
54,48
65418,65470
147,65361
65464,124
65362,550
129,499
65378,65520
65490,65509
35,65393
65307,65357
117,314
151,2
57,65273
111,65407
65318,65248
65357,53
65516,282
65535,220
133,88
65427,65189
65397,65362
165,147
65457,139
65422,45
254,65353
65526,37
65473,13
299,65298
30,68
65522,65475
34,65250
65262,65509
143,12
214,65492
65318,76
177,227
130,107
65212,62
65445,228
65458,36
65333,22
70,66
159,65376
10,35
65526,50
60,65529
85,343
32,115
65392,65379
65389,89
146,100
122,44
65386,65504
65438,65480
67,308
136,322
69,65504
65506,65486
161,65504
8,65484
65130,116
65479,164
69,65504
65320,65436
181,165
196,168
65314,65395
65386,65480
65447,3
27,65400
1,31
65420,140
225,144
273,118
55,65386
65468,65305
65315,65375
65387,65329
65438,6
65467,282
65379,126
65387,65467
224,65466
65530,65294
65382,65276
120,65466
65384,65457
65512,81
114,46
65399,65275
130,112
26,253
65510,65320
193,65516
65242,105
65463,65288
532,65519
65528,184
65194,65487
18,65475
42,65473
65487,18
157,227
121,102
65328,65500
65339,65431
65470,65424
65423,130
65533,64
100,65449
65329,146
65128,188
65470,9
62,5
65389,65500
65384,65319
65467,65485
112,184
80,65527
65407,101
9,259
65511,14
65447,68
29,118
65362,202
65289,334
65367,65408
65456,65231
35,16
65409,111
29,15
235,65468
76,56
125,65503
65456,65459
65229,164
65467,46
65475,169
65331,192
65330,65346
65424,27
65349,129
65356,84
352,167
230,65469
65314,137
54,138
65412,65323
65310,20
324,65443
242,65337
23,191
85,76
65467,65465
65325,25
65246,65336
65269,65196
65352,65410
65489,65418
149,65243
65530,65522
65353,180
65492,65310
54,65236
87,150
105,224
81,65509
49,169
49,413
96,88
65508,65430
65397,65506
64,65345
122,65347
65530,53
92,13
31,65477
65452,118
156,20
71,65344
65406,65529
118,13
154,65373
101,65496
125,78
65458,50
65525,65486
113,65417
24,65524
42,65514
65429,65339
65334,65278
27,65364
147,41
123,195
42,42
65480,65400
65432,14
65297,140
65261,65453
65503,65360
16,183
65307,301
65380,65487
121,65467
17,89
65282,124
65239,299
65410,129
174,65486
247,155
65394,34
65262,65474
65529,8
29,65471
163,85
172,59
65457,65398
83,119
65503,415
65351,179
116,65368
79,65473
243,40
224,51
65375,157
104,65519
128,15
126,251
193,141
65225,65496
65435,65379
128,22
65283,101
65289,65331
65349,65477
65495,235
65506,61
53,65309
409,65463
38,188
65498,65356
229,65246
65350,65481
65251,65451
65378,48
65422,65475
12,65471
11,65517
13,65068
65368,65403
65331,197
65259,65379
65162,65517
247,33
219,65436
65155,65316
65464,65252
162,69
27,64
44,65506
65462,127
65426,65532
18,65318
13,65173
65461,65345
65413,65405
65452,65411
31,348
65499,150
67,65320
319,120
65486,181
65477,23
174,65526
65348,163
116,194
283,65402
65512,65462
69,22
65242,65500
65435,65491
226,65373
65363,29
181,65519
61,65183
65307,65262
266,65459
20,158
65503,31
140,65242
65395,65430
65486,71
65517,5
65459,65464
65443,108
31,210
92,65411
65268,7
65421,144
65385,65330
65232,65360
214,65485
30,15
65475,65433
300,65109
40,65331
65428,65512
65403,65327
65490,65273
55,65270
65528,65505
157,272
65470,295
65401,116
129,65497
84,65528
285,65356
81,65265
65341,111
204,163
113,65440
65458,12
131,205
182,137
113,27
65431,194
65314,366
65361,65484
65348,65204
65514,234
214,354
92,65467
65520,54
247,51
199,65415
65503,39
65495,81
65468,103
60,4
65422,20
65285,325
169,23
38,65318
65477,86
244,23
90,65481
11,8
65511,65437
65487,49
65519,130
65375,65329
120,65398
238,240
6,65496
97,65292
65518,146
65403,164
87,27
128,128
65477,58
65443,65435
57,65409
65520,114
1,164
170,65367
109,65474
65520,172
65312,65482
15,65409
329,65485
65450,65432
65490,49
236,104
28,65348
35,65220
34,65325
124,128
202,389
65483,100
39,113
3,290
65458,65493
292,65516
77,99
65466,65503
293,123
65438,149
65273,85
67,223
65232,224
65400,65465
416,65442
130,342
185,165
202,65473
65323,206
62,65531
71,111
65365,183
111,65185
65471,25
65350,347
288,65486
230,65457
65351,65519
65488,65447
96,65336
65298,65517
65263,162
65449,57
65451,239
54,65449
83,65359
130,618
107,208
65426,65191
305,123
417,150
65376,28
65398,65480
65492,65333
65450,65450
35,65426
65510,65396
203,65476
355,76
91,49
137,65289
83,65528
65327,185
65472,65203
128,65152
65489,12
65397,65488
65458,65428
65442,198
17,146
65527,65417
65268,91
6,63
266,65358
65500,56
6,65519
35,65252
65387,62
155,339
155,97
65494,65492
129,179
65527,144
65465,65338
65434,65510
65378,238
317,65466
89,65320
65189,65496
129,65415
107,65297
65324,65483
65380,118
2,101
246,123
65401,65518
65144,65273
56,65367
113,65464
65474,65477
65226,15
65233,18
264,152
189,45
65257,65399
65432,63
324,65488
230,65529
65294,198
65510,65390
311,65427
1,65431
65487,65191
16,52
65495,107
65489,65471
65313,75
36,12
247,73
65425,22
65525,8
99,249
65410,18
23,65450
90,175
103,230
295,146
201,65491
90,65457
120,65519
97,12
65526,65523
65413,65319
32,5
81,216
65522,65361
255,65363
360,113
65493,65534
65224,65428
65495,18
222,130
99,115
122,81
47,65512
65408,65384
123,65445
140,65505
10,65440
65534,65440
65297,65407
65343,65205
35,65260
71,65498
65535,65440
60,65480
253,65481
65329,65460
65192,251
358,65454
303,65037
88,65430
233,65491
140,65468
25,60
65307,65408
65357,65453
33,65461
50,65367
194,58
65521,150
132,65509
356,65434
65385,69
65528,82
65447,65440
65119,5
217,79
9,65363
65241,65119
185,65324
65485,68
30,65430
255,65388
65348,65382
65439,65247
45,65516
65442,145
65387,9
65167,65447
65296,65456
65410,65520
65343,65452
118,86
65496,146
65305,65473
138,35
65460,65334
65323,65320
127,358
32,184
9,65479
17,53
65352,65321
65404,65240
65491,65428
55,65450
71,65415
71,65521
220,118
48,157
65467,262
65473,159
65364,65456
39,65398
94,65327
0,65428
30,102
65373,75
65431,65405
54,65347
65493,5
65458,65462
65390,65389
65422,65491
65507,65396
26,155
153,221
65471,65249
65224,65282
65340,65340
65401,65324
65492,112
184,52
226,65467
91,80
65404,65531
65298,65329
194,65357
297,65499
65132,65489
65247,65511
90,22
65156,6
65375,145
226,139
65516,54
132,204
12,273
65336,108
159,65388
135,65373
65501,65469
65494,65353
34,65412
321,9
124,65463
65429,65504
41,165
65403,184
65464,46
172,122
65533,86
65501,65460
65520,116
65530,16
63,65520
65274,301
65161,65341
65388,65174
65469,201
116,65469
94,65307
65532,155
97,63
65430,65475
65482,56
273,27
63,65410
65465,65446
123,65528
30,65322
65479,65416
81,199
4,56
65492,65484
62,78
65435,42
65472,65468
56,65418
65318,65441
65316,69
65421,103
65420,65267
30,65254
31,123
149,65446
127,65293
65395,25
35,65473
212,107
186,373
119,65519
65505,65206
65522,65317
16,65466
98,65488
12,65529
65383,65508
73,65328
65457,65535
65356,234
173,71
65529,149
65513,311
243,306
4,157
65346,65428
65411,65527
65512,96
65525,65433
53,65497
160,281
58,355
136,65519
42,65317
65331,26
93,69
19,65499
65177,74
65431,215
40,116
65388,65489
65465,151
149,332
113,162
65530,110
111,125
79,65443
65354,65418
65280,19
65340,65291
65457,65291
28,200
65455,149
65335,27
65393,65527
65460,65413
148,117
381,31
13,65508
65206,374
65445,95
65489,65170
65442,65245
211,65524
249,244
9,160
65516,65534
65463,65359
65496,65350
170,138
65501,88
65381,37
67,130
65459,65432
65486,65376
24,65471
65304,48
65501,114
65520,10
65292,70
50,13
65,65451
65461,65456
103,65399
77,170
65473,204
65447,65348
110,65513
358,137
202,35
65466,225
87,150
272,65352
65405,28
65333,293
241,33
63,65390
65491,65422
117,65491
65458,178
27,262
10,146
65312,45
65435,15
65326,65533
65435,65425
140,65292
65377,65306
28,137
328,280
68,6
132,126
80,181
65306,154
65489,307
34,65508
65367,32
65345,264
65390,65418
65490,65461
110,65369
225,65242
134,298
65523,245
94,65381
65529,65500
65426,56
189,204
172,182
65519,65338
65503,65405
65508,223
140,149
71,213
65514,296
88,65461
65310,29
65214,76
58,65233
37,65442
65405,2
65532,65485
30,66
65338,65402
65318,65433
65399,102
65336,280
143,147
267,65300
65418,0
102,65462
225,65372
65328,282
65448,105
122,226
65529,320
152,65356
144,65474
65424,65476
72,6
19,206
65252,65418
52,43
71,96
65302,65530
50,278
65498,2
65349,65335
116,65426
65421,65417
65316,93
6,127
65419,65475
87,65269
315,65462
18,280
65472,42
65502,12
65292,100
65515,65491
390,89
65480,10
65108,49
23,156
62,65245
65468,65224
161,65459
35,65439
41,155
212,164
65534,65427
45,65519
174,60
65393,89
65273,301
14,165
23,65418
65369,65415
65533,65385
119,65535
39,211
65525,199
65361,263
28,133
221,21
65334,68
65250,65439
65521,74
122,247
156,65495
16,65377
56,65409
21,4
65524,144
231,111
38,58
65428,65528
21,237
65477,355
78,17
276,39
318,47
19,65272
65242,65331
65487,114
65360,154
65378,65354
273,65283
65415,65409
65282,65298
36,65534
65517,157
69,65507
65511,123
65513,66
11,65350
65360,65439
99,65523
64,4
65394,65395
134,65253
153,65440
73,97
65403,132
65127,65502
65300,65385
65437,65492
65486,3
76,143
46,138
10,65448
256,65505
364,31
65490,182
65491,336
186,9
65469,63
65435,350
65376,65519
65316,65337
57,111
194,207
385,86
4,67
64938,89
65342,65433
56,65229
65422,65341
65314,67
65190,83
65471,65406
65415,65514
65314,206
255,65477
65525,65288
65182,78
108,177
93,30
65373,106
54,65394
39,65231
65360,212
65440,177
6,65334
59,65439
117,65365
95,65264
142,65157
114,65212
29,153
63,82
80,29
183,168
82,65483
65320,165
65508,0
147,65197
65429,21
65385,65323
46,65317
138,240
52,65517
65397,65440
65316,65371
65273,65357
65170,306
65403,3
270,65031
180,65311
65487,84
12,71
86,65432
57,65345
41,65307
147,65415
117,128
65483,65429
65437,65270
65279,135
65311,147
65531,65371
39,65445
128,47
65462,24
65495,93
363,56
65501,65457
65349,6
106,65517
65306,65359
65332,65489
65533,118
65409,32
65520,65534
65420,201
65415,204
215,65438
168,65376
65454,65465
65404,65393
65525,65472
65448,152
65323,64
135,65418
210,65521
65452,65503
207,65301
379,65434
65437,180
65322,183
65394,65527
65222,65370
65397,65273
65466,65305
65424,65406
214,65344
65453,65446
65150,24
112,65326
149,65418
65483,26
65418,65255
65295,65234
29,65466
65481,65454
65327,65470
228,221
146,270
65398,65495
65419,65406
65483,65393
251,65468
176,65476
12,65282
135,180
65458,283
6,65336
165,65459
32,65346
255,65328
126,96
65454,65468
68,34
65420,65437
95,65465
316,374
65384,65452
65187,65533
65164,190
65318,65262
32,183
65460,114
118,65429
256,409
150,65510
279,65510
159,269
126,65332
89,81
65244,105
65344,65287
62,221
137,172
188,65388
65472,65
65471,65458
260,65328
241,110
65426,163
65289,142
68,162
124,65427
65450,65524
65462,185
65353,72
65340,146
65517,65302
65499,65197
65499,366
63,179
115,65399
71,70
204,65444
277,65520
65433,65520
65521,65339
220,32
65452,52
65517,5
65441,106
65141,85
65351,9
65426,65518
122,175
235,127
65329,28
65432,238
65439,99
65292,30
188,169
73,65503
65516,65411
385,26
16,145
65157,65505
65371,65364
65420,19
65416,65396
65514,65364
65526,79
47,65488
102,77
59,76
153,65237
270,65399
96,67
65513,121
142,153
228,65420
88,38
65458,377
65430,124
65502,65476
65457,2
65387,9
128,155
83,110
65145,65479
65478,114
272,65489
14,65122
151,65412
62,200
65489,157
125,20
65454,65415
20,40
65482,134
65277,65442
51,65444
65303,32
65294,65446
130,65278
65431,65320
9,65494
65451,143
65217,186
65529,65460
0,65436
22,154
65483,26
65289,65401
65521,65493
159,50
266,143
136,81
65528,65519
65453,80
65154,150
9,78
291,65508
65510,65473
13,108
65478,233
65444,65490
65449,65489
28,259
305,65499
65399,65370
65484,21
370,65226
65487,65255
65463,145
11,109
65452,65374
65409,65271
65201,31
65409,320
65522,349
122,256
232,65503
65315,54
65360,348
65339,281
65281,244
210,151
65529,65514
65499,65488
188,65418
65368,65353
65517,65372
206,65458
65457,36
65375,83
84,26
218,72
48,192
65528,65503
39,65470
195,130
275,65362
15,65242
65523,10
65455,266
65476,297
124,15
65374,65525
59,75
270,136
65390,212
63,65447
123,65487
65317,31
65388,65362
65498,65524
65530,65362
65511,65384
185,185
289,65527
35,31
141,65442
59,65258
65352,29
65500,65477
65437,44
65412,320
38,131
65531,65529
65498,65413
37,65444
109,65478
98,65414
5,65451
65429,65297
28,65314
67,65409
65266,11
65474,271
227,7
68,65418
51,65443
65345,65327
65465,182
248,127
65511,65265
154,65509
29,93
65180,65510
173,65477
119,65447
65495,19
331,116
65497,12
65423,65496
132,134
65299,124
65336,65460
65,65431
65465,65511
65531,65513
241,65422
143,113
65429,233
65403,65446
65430,65495
65476,52
23,89
65504,213
65517,165
24,458
23,138
146,65176
146,271
92,180
102,65324
29,223
87,75
73,65228
65458,65207
65529,65387
123,115
331,162
337,263
65495,134
7,65431
214,65458
36,65428
26,65530
133,59
48,65462
65506,65282
6,65279
65474,185
65329,255
65505,65529
155,65500
65532,65478
65455,145
140,171
122,55
65230,220
65318,65532
65465,65275
65089,3
65392,195
112,65420
65310,65258
65362,152
65293,161
65322,65448
65452,65481
65412,65445
212,208
65532,186
65351,65360
135,65516
65370,65351
65357,65289
65343,35
65235,65409
172,91
65425,334
65368,65527
461,65474
198,65532
65487,65481
194,133
210,251
65454,155
65448,94
237,110
65483,218
65528,282
391,139
71,65530
146,65431
236,65529
7,112
176,65331
65476,65346
65399,43
127,65413
65403,42
65385,102
65520,65453
65402,132
65408,157
65365,63
65513,57
221,134
23,301
65478,47
86,89
3,291
124,65271
271,65130
182,65530
257,65494
3,65531
65259,179
65519,65418
23,65220
11,26
30,73
65423,65505
116,78
253,65499
77,92
65531,190
22,65394
43,65426
65374,65439
65460,65304
192,36
14,211
65528,111
84,65478
65493,65349
65509,65414
51,65462
65534,65437
31,87
177,174
65451,65380
65350,65344
140,65491
65412,65427
65396,142
172,83
65454,65462
6,349
58,270
65419,40
61,33
38,65422
9,61
65286,65490
65129,65510
182,423
170,156
65407,45
14,149
65432,65421
65424,178
8,469
10,348
103,222
108,65416
96,65343
133,65515
60,65435
65376,65468
65298,65504
65514,65433
232,157
329,162
113,65431
56,250
178,167
65483,65124
65419,65493
65458,259
65395,44
65456,65498
65433,65349
23,65471
65443,65496
65324,65358
93,5
65389,65527
65436,65510
155,65425
65334,65325
49,56
65498,65448
65233,65364
361,96
33,108
65121,161
91,104
61,250
22,352
135,65515
135,143
290,111
148,65290
42,65487
42,65441
221,48
477,334
65452,20
65254,65496
143,96
65472,179
65513,142
95,65374
65275,65434
65400,65486
65377,65383
65070,65
65455,103
159,65521
65412,69
65444,74
65427,65492
65250,65533
114,65453
315,65295
65492,88
65525,87
65506,65355
65385,206
33,373
65511,293
59,139
65528,65363
65138,112
65452,156
90,12
65525,228
266,65477
116,65502
65443,286
65505,167
65491,170
65485,72
65401,144
65512,140
65497,65318
65489,22
166,97
65246,65403
65239,65437
228,65310
65374,65452
65298,82
144,85
9,41
65466,65220
106,65438
263,146
1,65338
65278,65432
24,94
79,149
65516,27
228,65288
340,102
151,286
169,65472
305,65481
19,144
65395,166
11,65477
65488,65363
65425,65483
65412,65440
30,65434
82,65432
65369,65384
65494,65449
65518,65314
65336,65220
30,65514
194,241
10,55
65306,65390
18,149
139,258
65241,55
65376,170
65484,193
65486,65492
368,65312
199,65315
107,59
122,60
65423,65399
206,59
216,28
61,65369
95,39
65502,23
227,65414
66,2
65400,65481
268,65400
97,65428
65382,65379
65355,65477
65505,65517
232,65348
65348,65391
65232,109
65371,107
65202,65433
65488,65449
65426,25
65376,119
305,98
65535,65440
65305,65533
52,23
65432,65458
65476,218
101,167
65444,65384
61,65451
204,27
25,53
119,65420
65505,65406
65189,73
65336,65506
65401,65458
65486,65488
65485,39
65148,112
65316,65498
136,232
216,336
70,30
65327,84
80,2
229,65516
43,0
213,65339
65517,65503
65473,8
277,92
65523,207
65493,65437
98,133
65394,343
58,77
181,5
65443,65402
65497,60
65468,171
65194,65365
65416,65487
255,65443
184,65250
85,65472
15,65462
65367,107
65289,364
65403,65523
45,65450
65438,114
65465,65370
251,65348
65519,65433
65511,65242
285,186
65480,426
50,65281
296,65366
65425,194
65495,65446
209,47
37,204
65364,65392
65343,65444
206,233
316,154
65507,65517
98,92
264,188
16,127
65429,113
65491,136
65498,66
65502,65531
65513,3
65214,22
64977,267
65370,382
207,65501
309,13
229,363
65424,55
65525,65450
215,167
76,73
13,65458
65361,114
65479,128
185,65359
65356,65513
65450,154
153,65439
65493,10
65505,62
65188,65415
65213,65479
261,65526
66,262
65426,341
43,65388
65479,65398
65495,238
65471,160
44,65440
222,65359
65460,65351
65267,65431
9,183
123,338
65391,144
65462,65435
207,65447
104,84
63,52
11,65481
65518,65468
35,63
65315,186
59,87
211,268
65061,122
65193,65111
65433,65521
65095,149
65506,65262
351,75
139,199
100,65446
127,65464
132,16
171,65487
40,65342
65334,280
65351,504
65471,65508
65351,65477
65345,65434
65419,65439
65378,116
65448,65496
65517,450
74,564
94,65427
65364,21
65298,65490
65477,65377
65434,109
65391,65306
65474,65428
65426,196
65508,65495
96,91
65454,74
65455,65492
34,212
65481,321
63,242
103,9
65477,88
35,183
81,65269
65460,65366
65381,149
65441,33
60,87
105,65445
65468,65417
65408,256
88,169
95,80
65443,47
32,65363
196,65403
106,65393
65476,65277
65459,65443
10,133
65530,65459
165,65362
184,272
65309,27
65333,65278
65509,159
65460,65475
150,23
223,393
43,65519
65517,80
65486,97
86,65442
235,254
28,65429
65368,65312
65482,179
65438,65368
65505,65420
324,161
110,65431
65479,65307
138,65273
6,65466
122,146
48,65463
65386,65445
342,72
277,10
65394,65522
65453,65449
94,65271
488,65305
375,65368
65510,65332
65514,65385
65449,65441
65452,65476
65312,65391
65454,65450
366,346
65511,392
65427,135
130,75
65418,148
239,287
365,65476
65411,65269
65500,98
270,47
232,171
65405,358
65351,65515
74,64
65526,143
43,65420
161,25
43,73
65386,65491
65235,65446
63,65362
263,65346
26,65443
100,105
125,35
13,65354
65417,65438
65402,65518
23,98
65326,267
65393,125
258,65495
133,71
17,131
65463,65474
65411,65479
34,158
65466,65495
65443,65173
65497,65357
65494,97
51,65448
65450,65289
65474,52
91,125
65435,65417
65308,78
65443,178
115,65222
65477,65280
65117,213
65150,24
65182,65520
65306,272
65513,153
65443,52
42,65464
167,65300
54,65430
65524,65457
65455,65426
65535,65497
65516,30
0,65519
303,65372
145,65494
65353,65525
65330,65531
65442,247
135,73
11,65522
16,155
356,65518
5,65530
65271,27
185,65530
328,267
73,188
65515,65305
57,65268
6,65460
65534,65430
159,65475
65459,126
65153,28
65377,59
146,138
40,65489
65294,54
65521,122
181,65402
65401,65324
33,65535
209,145
65397,65427
65429,65335
114,103
246,130
114,65426
65403,65410
301,139
334,130
65296,54
65396,266
65489,103
65519,65375
276,65367
65531,65525
65177,194
65312,65459
65482,65516
65409,243
65382,41
293,195
417,65510
12,65322
65533,387
42,245
39,16
161,52
65467,65354
65351,87
65516,189
65362,93
65185,136
65337,65519
89,158
275,141
138,65444
65437,4
65512,35
41,1
65388,65402
65448,133
39,308
65336,65236
65380,65321
235,65523
148,65243
65375,71
65426,180
65469,65533
65489,10
86,65421
65433,102
65392,68
117,65425
65472,214
65309,155
65327,122
65307,350
24,67
16,65467
65481,142
131,85
50,65356
117,65290
32,1
65264,65459
65506,65167
65418,65499
65231,269
122,23
103,65504
65375,8
65480,65500
83,165
119,98
65422,65423
65241,101
65455,80
160,65448
80,235
65447,290
148,65379
366,65431
180,238
26,65474
65363,65192
65170,65484
65314,0
65499,65466
65533,2
65529,65451
11,79
79,78
108,65287
69,65452
87,65481
14,65369
65364,148
65439,189
65480,93
65414,65452
92,65227
2,26
65357,39
150,65295
242,65370
4,65171
65375,65281
65362,161
9,65497
7,65366
65396,65472
65385,65453
65527,20
67,105
65431,14
65431,65468
43,56
444,99
773,65392
96,65285
65402,65311
302,65377
2,187
74,436
267,55
36,65291
273,37
20,65488
65129,65365
65404,204
65522,72
96,65368
156,65424
89,65330
305,65430
206,65376
65485,65199
70,65337
76,65439
65446,65436
2,65329
108,65448
24,5
97,65358
47,158
65487,311
195,65
38,71
65354,65534
111,140
135,45
65528,65344
65446,65528
65395,65287
63,65447
7,260
65360,65459
44,13
159,1
74,11
115,129
55,65227
8,128
65456,323
65054,65277
65351,78
278,59
65261,65343
65412,65519
289,65350
65379,65451
108,65526
101,75
65246,237
98,65482
65484,142
30,192
416,65377
68,20
259,28
240,104
65360,184
143,65456
148,65490
65402,65414
65369,4
65405,128
65527,65288
65511,31
77,200
206,65425
261,24
237,65512
65471,18
65439,87
65497,65305
82,65478
363,110
185,65509
44,65501
65462,65511
65407,187
204,25
58,65320
65464,182
128,105
354,65363
479,28
65383,65410
65395,65247
338,65493
65432,15
65514,65489
67,100
65351,144
77,65514
65354,65487
65220,65450
65482,65453
65507,78
215,34
208,85
170,134
40,34
65302,237
80,133
65438,65441
65203,80
47,4
6,69
151,227
146,65443
65205,65351
65289,65492
65305,65521
65129,65521
65265,65386
2,65224
102,65222
65254,65507
65208,71
106,65435
226,74
158,44
14,65337
23,65501
9,65532
65347,65523
81,78
104,65425
65193,65456
65422,120
103,65469
65309,65316
65350,65523
65471,111
65327,48
65434,183
65477,276
65383,65493
65527,65344
65524,146
65497,270
85,90
51,131
71,126
69,65464
6,65467
158,68
220,96
31,65494
65390,65426
65431,65522
65503,65477
65483,65307
46,65263
54,81
18,264
67,65288
65485,65268
65357,42
65332,65369
65492,48
65510,281
65310,77
151,67
279,65359
65317,65390
65459,205
133,65385
65466,65313
65441,150
65414,65478
65447,65455
99,252
141,129
65526,65415
65486,65342
111,65376
156,91
193,123
213,65272
104,65167
100,80
136,258
188,65345
151,65326
25,72
65462,65423
65396,125
185,351
248,65520
65350,21
65355,65529
65455,65478
143,88
381,65273
30,65423
65503,131
44,65325
36,72
236,139
65524,65308
75,65482
397,65471
65512,65408
65409,35
65527,65460
65351,65407
65392,81
65426,105
69,65320
289,65388
90,197
38,65478
143,65344
65508,103
32,250
328,396
230,178
122,65322
154,65454
65530,65417
50,65204
79,65492
78,135
316,46
65517,74
65297,23
92,100
65385,115
65282,65358
54,65386
65491,65487
65434,65500
65467,117
65453,65470
65524,65433
65518,171
28,117
1,18
65386,65507
65398,65503
1,28
84,17
65500,96
65478,42
49,65472
16,65474
87,14
65525,265
65358,62
72,65401
127,250
80,166
166,65486
11,125
32,104
53,65528
65416,65336
65365,65268
65269,7
65463,38
79,65434
65502,36
163,89
65469,65358
65239,65354
197,34
218,65460
65442,65368
65406,65405
14,65398
134,65512
65399,22
2,65470
302,65380
65509,65436
65524,65533
164,65343
73,65321
79,110
65339,278
65074,154
65267,65489
65514,65513
65489,65436
65405,65247
65448,2
65386,138
65452,65402
65506,65523
65303,19
65363,65190
65448,65425
6,244
154,65434
65487,65442
65434,34
65524,65283
11,63
34,131
65524,65301
263,108
289,113
67,65445
239,108
49,65394
65319,65249
65440,65383
65509,65366
84,65534
53,56
65463,65480
65392,65380
65423,65227
34,65280
65503,65472
118,65509
224,65453
65515,65523
107,41
65,65428
65475,65369
213,0
189,63
87,65388
14,65462
65397,119
14,65338
150,65429
32,222
65461,27
7,50
65503,65439
65328,65389
65487,325
106,65520
73,65324
45,224
29,65502
65480,65496
65200,252
65357,9
59,80
65350,280
65434,67
65471,54
65496,295
234,246
65410,8
65366,19
353,86
265,65428
65524,65240
65424,65391
65397,65499
65464,65345
146,65453
371,17
143,65452
65451,65504
24,65366
95,65499
65486,406
65341,186
19,21
65420,192
65066,150
65401,127
36,65447
65526,65377
62,31
65315,11
65377,94
146,65318
57,65063
77,155
90,251
65465,65471
65467,65473
65485,65328
65456,65416
65522,65472
65477,13
65450,271
136,65508
146,65496
126,175
296,65445
65533,65473
65323,65497
178,65484
211,82
65421,65456
65431,65451
65508,65473
65389,7
65343,140
65407,65339
72,65317
198,86
65526,149
13,69
70,65337
65414,65427
65504,181
65472,245
65475,47
16,65202
65369,65470
280,4
418,65300
65463,271
146,102
103,65306
65471,159
192,35
17,87
69,167
234,65467
43,219
99,171
247,65499
204,45
65460,65313
65302,65233
65229,65406
65193,65456
103,65529
159,65505
3,65496
168,119
65451,274
65457,310
65516,264
65286,79
65486,65470
65498,65502
125,65381
288,65374
65445,45
223,137
453,183
127,65508
203,65357
35,65468
65419,65503
102,36
22,65514
65419,173
65511,325
32,65411
65390,65463
65459,65464
123,65264
65457,212
115,78
443,65247
128,65375
65416,65416
65452,235
65528,156
65514,65408
117,106
405,65433
15,65419
65363,28
325,65223
91,65386
65171,69
65372,65403
108,65420
140,26
30,88
58,104
65514,95
65297,65315
65419,65207
65463,229
65415,192
65488,65425
65429,123
111,65509
275,65506
65524,119
65513,65309
11,65458
65369,65501
65526,65333
186,366
49,216
65434,65272
65507,183
81,179
3,65405
65515,65517
87,20
66,41
89,12
190,35
35,52
65500,65455
297,65478
320,21
65364,122
65184,65502
65423,65324
65528,63
65456,65423
65470,65225
65486,46
65440,158
65500,120
65389,65414
65254,65354
53,6
150,65265
65428,65430
3,130
27,65400
65333,27
65234,31
65234,65378
65417,5
65515,177
65420,169
65417,65425
65445,65499
126,153
329,65453
111,65461
65470,17
65487,75
65533,84
171,65455
134,34
65341,93
65341,15
176,65426
242,65318
19,88
65535,125
65513,65524
65518,217
175,287
90,36
65529,65258
71,65415
65371,107
65344,76
102,153
51,65292
65522,65204
114,123
129,37
65530,97
65444,65525
48,65293
79,80
65492,40
65474,99
65479,165
65471,65382
65345,95
65427,210
74,65522
65419,65412
72,65355
183,123
65264,135
65386,3
12,157
65528,21
202,65446
65534,65367
65513,65408
142,247
47,215
26,65513
65293,65414
65400,65361
164,65534
65376,34
65380,65385
16,65322
21,65425
67,65535
65433,65370
65497,65257
65454,63
65307,220
7,65497
11,53
47,305
161,111
61,65475
65464,65531
65216,30
65399,96
23,42
65526,65358
367,65356
55,65505
65304,65379
222,65482
65521,329
65346,193
52,58
65487,65439
101,65087
200,65501
65435,255
65454,85
270,221
183,65411
65386,65109
136,65380
414,65468
146,61
65525,68
100,65404
148,65372
65469,65398
65444,65482
65493,65492
65218,89
65288,300
65459,164
53,65524
270,65408
65411,65500
65374,111
193,65475
65381,43
65403,153
163,65424
65526,65401
65521,90
65456,313
65341,174
20,65520
8,186
65368,33
35,65501
142,238
65489,65468
109,65258
241,65336
65511,65308
65390,65517
65503,65373
141,65220
87,48
65517,65
87,72
29,204
32,131
65478,165
65378,65424
207,65378
128,146
65483,65371
65479,65418
65125,105
65455,65314
123,65435
65212,65440
65471,65301
199,113
191,33
193,65367
131,65443
382,28
250,317
77,68
186,65143
65440,65276
65523,65396
81,65481
65420,168
24,124
65377,69
65348,93
37,65380
65278,65300
65343,10
49,65495
65439,65416
65410,72
65261,54
65255,65359
18,65346
65447,40
65398,65509
65535,65315
65242,65452
65252,65382
226,65294
457,65498
292,65507
65502,65521
88,51
165,57
65285,73
65482,65518
42,102
65362,209
189,65484
65503,65353
65273,65520
65520,202
65354,269
123,140
169,1
65389,74
115,39
65466,65298
172,65524
473,185
65318,65486
65452,113
17,71
65264,65499
166,313
65450,180
65236,65455
219,65499
68,41
65386,76
72,65351
338,65348
383,65
14,185
65359,392
65448,275
44,65469
89,65437
65336,75
65195,40
65360,65454
65448,207
65380,212
65297,65435
5,65500
154,89
65517,208
198,32
273,65455
65474,283
40,239
56,46
65393,65325
65534,65108
12,65508
44,98
138,65479
87,65292
163,65253
65479,143
65409,30
127,65490
65499,95
12,65432
26,335
65406,425
131,65448
65515,65346
65513,65299
270,60
65493,172
36,121
226,309
65486,65402
65392,65326
65363,158
6,49
84,65493
65507,65284
203,65362
278,111
43,65482
65260,65450
65287,65480
65512,65469
65263,21
65517,93
310,160
65301,25
65210,65389
65424,65300
65361,65486
65397,89
65366,65366
65486,52
92,286
75,113
14,65451
65439,65093
19,65446
65470,108
65369,65228
172,35
88,26
65401,65346
112,76
227,57
73,225
65506,65467
72,65253
152,368
116,137
175,65373
163,87
99,43
133,276
135,203
10,19
65456,272
57,18
110,65420
50,176
95,97
75,65535
168,82
251,164
90,211
179,71
384,65492
226,65514
39,65462
107,65488
131,65480
74,65459
120,174
65493,28
65372,65458
212,342
234,65498
65352,65145
65517,91
250,106
65505,62
65398,185
46,71
55,46
41,65418
45,65458
17,65534
65479,65232
65362,65376
65456,65481
65450,65191
65255,65405
65264,137
65317,65428
65451,65273
65436,65485
65346,41
274,65410
459,65403
232,7
295,65461
205,65287
152,65517
82,193
65409,65442
27,65409
65447,53
65396,65443
257,65401
65482,16
65154,102
39,65513
221,65379
103,28
65535,65508
65304,65224
65392,65433
389,85
350,65389
65285,65440
65298,51
74,65330
129,65404
210,93
102,65355
65481,65466
26,251
29,16
65524,65402
115,65462
142,65498
65337,1
65244,45
135,130
258,65503
99,65493
65511,179
65343,65454
65385,65435
65362,188
65321,65436
24,65480
20,296
28,65417
216,65278
13,157
65351,65478
65353,65323
65331,146
65477,127
65527,65426
10,65332
264,65428
155,106
65435,65525
115,65419
60,106
65148,130
65146,65414
65425,65516
113,499
283,480
198,102
65430,151
65263,49
26,65342
240,65415
65534,65521
143,36
359,65510
129,51
111,441
102,647
80,332
136,65428
65378,55
65426,176
124,65370
65432,65436
65450,65459
33,65430
65496,304
12,251
65438,3
65303,39
65385,65522
65434,53
65380,73
65365,65388
29,65256
105,65450
65387,59
65333,65479
18,238
85,284
65470,65258
65439,65422
129,198
185,65488
65422,65475
65382,65509
172,65443
159,82
72,224
229,29
12,65374
65394,65445
164,65490
219,82
103,172
79,44
65474,99
65340,65468
65477,65275
207,124
153,81
65462,65251
65407,65492
65504,79
110,65484
65481,106
65300,65508
65498,65286
125,111
170,106
97,65218
37,65331
126,65491
65480,65455
65302,65526
65411,94
43,84
265,65275
250,65338
63,281
95,99
124,65452
65442,113
65240,57
65328,19
65482,55
114,65470
154,65371
65513,65492
129,141
84,139
65235,56
65394,65467
57,65417
86,13
122,168
65535,128
144,65403
65,15
65272,226
65416,37
65425,204
65348,157
30,65483
65492,347
65320,291
65473,65531
65445,19
65299,65477
111,80
201,98
65351,65515
65494,24
158,2
131,141
179,50
65483,65405
65369,65506
65471,65407
20,65508
130,14
65484,65321
65359,65534
65451,0
58,65331
160,65496
65399,65439
65314,65243
65434,65327
65373,65496
210,18
356,65490
33,65405
124,65501
159,260
65412,134
65395,65217
103,65304
127,209
65500,398
111,227
314,113
184,208
65524,24
14,65520
39,249
65392,22
65498,65284
108,65398
65341,65426
65396,44
193,272
6,104
65383,24
130,52
187,65178
6,65182
132,245
93,149
65404,65237
65524,65334
65498,65510
65358,1
65413,93
65514,207
246,276
316,215
154,168
80,162
17,65426
90,65390
102,306
58,256
65514,65459
65259,47
65383,141
12,179
65407,198
65469,65532
65446,65501
65416,94
122,66
184,65324
4,65307
65447,185
58,66
61,65338
65474,87
65506,185
65385,49
65475,65526
168,65433
65517,65341
65522,44
69,384
65389,65426
65356,64956
65423,65331
65531,8
186,3
148,65509
65518,65503
65456,73
65448,65503
65445,49
37,21
58,65274
65359,65354
65474,65303
55,65293
65295,65528
1,165
308,306
65489,65519
65472,65383
54,49
65417,65413
65484,65462
65440,8
65452,65423
138,65304
65509,65267
30,58
458,65381
373,65210
65464,195
65353,13
65498,65422
65333,143
65271,30
65475,73
65392,65379
65521,65265
73,81
65421,16
204,65502
253,65435
65468,65291
60,39
47,119
65346,65405
65405,65388
194,81
68,77
65112,4
65459,305
272,218
65431,65333
65477,65229
95,65282
65463,65504
65489,61
65523,65
68,17
405,65299
365,65440
65509,65469
96,65395
147,237
65394,53
113,65304
284,65495
150,65517
93,68
65430,21
21,65519
84,159
65485,55
106,170
65489,168
65351,65267
65425,65316
65484,65427
200,65295
85,65414
12,65456
246,65462
165,126
37,37
65440,65412
65472,72
63,65521
65533,65327
31,65454
65348,65333
65248,65517
32,209
92,65159
134,65260
82,303
65480,79
60,65517
40,65483
65452,65284
65427,34
127,168
321,65447
164,5
122,104
65530,65281
65422,65444
65478,323
65466,65456
236,65437
181,94
65377,65175
62,65309
138,65410
38,65193
65370,24
65102,16
65332,29
65458,117
65415,65099
25,65405
22,338
65442,65296
65441,65187
74,65407
65434,65245
65140,65372
18,65528
350,65342
117,65421
65522,131
79,65504
217,65517
367,154
281,65437
65341,65465
65233,60
9,65451
65486,23
65454,65504
116,65524
141,226
19,65476
29,65386
171,53
65472,65472
65423,65474
116,27
65359,109
65388,126
114,65526
65475,65507
65366,65377
65283,65415
65459,70
83,65362
65465,65281
72,65359
39,65300
65402,65365
65487,65330
26,65518
280,89
315,65323
65506,65453
65398,95
67,64
121,15
12,65280
202,65398
144,45
54,65422
320,65481
65437,51
65183,65
65416,65469
65190,65451
65323,99
58,46
131,290
177,311
65409,65273
65470,65314
15,60
65378,85
65461,65499
65281,65470
65328,306
65512,180
65278,18
65525,57
305,65110
18,65274
65305,70
65368,65506
65478,91
69,65343
262,65335
28,65505
65386,65298
269,114
175,118
65289,65488
65358,215
65476,65512
102,18
212,138
36,65444
56,57
124,65486
65439,65455
77,156
429,65492
179,65478
177,70
317,75
65458,137
41,47
309,167
65531,315
65464,92
65489,231
65350,468
65359,51
65461,65530
18,341
65512,65519
31,65400
65,214
65414,25
65461,64
65447,293
65373,65490
194,65349
227,39
65525,118
167,43
64,65395
65375,65360
65528,65518
65436,65440
65442,65420
111,203
121,240
242,182
65517,150
65377,65384
233,65420
65476,65454
65414,65363
338,65495
70,65165
65489,65251
145,140
128,65309
267,65352
202,47
65433,65362
65382,65258
74,65116
108,65408
65489,105
45,65470
7,65
65530,65385
205,65361
76,199
65420,8
65469,41
84,205
177,79
223,80
246,65494
65512,65534
65382,115
65429,65528
65432,97
100,186
61,4
83,65417
220,65415
124,65501
278,155
159,171
65507,65436
65478,65390
65249,34
10,55
65516,65531
65283,65533
190,142
103,190
65529,26
116,65350
38,65280
151,70
65526,131
146,65361
206,65512
65341,166
152,54
6,65443
65096,65441
65470,68
21,19
65444,65504
65240,65404
65208,65183
11,65346
65472,65444
65428,65504
65327,175
65233,130
15,135
20,65534
60,65491
63,277
65506,115
282,65480
153,6
65502,65352
74,65488
65435,146
65478,65453
65371,65386
65094,113
65342,265
65491,116
65469,65430
49,65311
2,65429
36,88
242,58
102,65492
65401,65464
69,130
142,297
65432,27
65477,65362
65509,65429
65354,124
65481,303
10,96
65490,49
119,145
65488,97
65398,160
303,65522
204,65321
65529,65370
47,65372
65232,65490
65257,65482
65415,65282
65343,65320
143,70
237,277
141,65499
65465,65287
65192,65509
133,65461
169,21
65340,95
42,65300
65330,65486
65277,158
269,8
65448,151
65130,1
73,65319
64,3
65291,1
65467,65482
65495,65515
65466,6
103,135
65379,65444
65349,65379
99,207
65439,188
65448,102
55,65526
65391,65302
65389,65514
107,79
73,52
65185,135
65315,65317
201,65269
65501,94
65520,65468
246,65372
110,1
139,65486
306,105
289,284
37,10
65472,65360
91,65497
65520,65487
65473,65405
65534,65519
65520,65496
65507,65354
65306,65476
23,65439
301,65197
65471,65392
99,160
333,177
65501,65513
31,65238
231,65400
55,62
65493,65431
7,65480
28,104
65412,207
65409,90
28,65311
65368,65422
65349,65495
16,65529
65453,278
171,91
300,65440
65388,65490
65481,65416
71,42
65428,217
48,331
24,229
65489,32
65473,325
65395,358
47,160
21,173
57,65505
219,65523
65477,117
65362,37
65440,65465
65526,65246
76,65387
59,137
114,65516
65366,65311
65405,65450
270,85
65500,65326
65426,65347
65439,143
65180,65503
65473,109
65495,111
65442,65247
181,74
141,286
130,101
65499,148
65426,72
138,76
28,28
68,0
161,131
47,25
213,78
278,167
360,78
387,92
14,6
65480,65529
65440,103
65129,76
65286,65452
28,65302
62,65382
214,65473
252,65481
139,65463
65493,65460
65147,65520
65319,65366
195,65316
65429,65416
65188,65456
65478,64
109,4
30,180
65357,265
65364,65345
28,83
65427,156
65276,65208
65372,65449
65413,65426
67,65389
249,119
19,65398
65332,65445
65313,147
40,164
409,65
57,65455
65352,279
165,312
65458,65532
65262,11
65375,65481
65296,177
109,172
173,65376
65421,66
65436,37
65235,65508
65320,181
27,65509
65391,65391
65279,91
65165,252
65388,65523
142,65458
65421,150
65523,65370
155,69
65349,397
65487,65437
303,155
24,308
65470,65481
256,35
132,65394
65463,77
65367,286
65353,65385
220,198
124,373
65376,65480
114,42
118,90
108,27
44,44
65400,65402
54,65279
65524,65415
132,105
293,7
65504,65343
180,65431
113,90
65291,65498
65520,65107
65532,65424
41,281
68,65489
65467,102
69,174
65458,65338
65342,158
65316,335
65334,38
209,24
65483,10
65196,120
146,16
105,65296
26,136
375,200
146,65360
65251,65444
65271,65488
65328,63
65374,246
117,65490
140,65498
109,178
358,65484
95,65433
65314,96
64,65530
209,65232
139,6
147,424
132,65493
65491,65507
65298,304
65426,65382
45,65456
44,77
25,65354
43,65534
103,65517
65531,11
14,65527
62,65154
65408,65458
28,206
75,65513
65452,65429
182,33
167,143
65506,65380
74,65412
107,126
65521,65500
65295,108
44,111
271,44
65135,228
65216,7
278,10
65380,58
65100,65513
65386,183
65462,95
28,68
198,65445
124,65158
65342,66
65286,143
101,65303
215,65448
65519,65503
65355,65248
65432,65292
138,79
236,54
65487,65443
65279,65461
9,65492
125,226
65448,113
65399,65372
52,67
306,26
35,65465
65169,65495
65468,65461
95,63
0,65512
122,65498
79,65505
65518,65465
65416,222
65405,165
13,142
10,216
121,65494
177,36
146,65527
200,65509
65486,212
65327,57
65267,10
65228,65471
66,65365
48,65447
65344,65384
152,103
246,147
65372,65387
65335,65517
207,107
169,103
65256,65501
65394,65432
327,4
322,65484
107,171
166,199
175,65381
10,65456
65500,63
65331,70
65432,65436
247,65247
76,65304
55,65306
194,27
119,196
123,56
65448,64
26,65382
166,65397
65380,158
24,96
39,65482
65439,65274
167,65435
65535,246
65474,126
65470,82
65327,65504
134,65362
102,117
65354,337
65456,339
127,178
334,65435
85,65336
65432,95
169,329
230,65530
129,129
65468,490
65434,65398
87,65130
70,77
112,154
7,65527
65342,65388
65433,65374
65323,26
65420,294
323,341
272,65508
201,65457
303,119
58,4
65430,65
65471,164
39,6
326,65366
323,65224
65525,65389
65322,50
65344,65534
7,116
32,206
65490,65529
0,65298
26,65341
227,22
241,17
65524,65518
51,46
168,69
270,332
164,406
65310,77
65367,65523
111,65514
234,65451
154,65481
73,65459
261,65535
39,127
65306,88
65444,65404
65476,65331
60,65522
65462,65455
65323,65416
1,51
65448,30
14,43
149,65481
203,43
416,290
65416,65385
65161,65365
65492,210
65346,65450
89,65504
339,254
65493,171
65385,179
65391,48
65378,65363
65451,65243
11,65293
5,65515
65435,65495
86,65471
73,125
65507,186
270,50
194,37
0,85
47,65387
65433,75
65482,502
230,70
309,17
57,426
65332,65497
